0.214257	0.0354886
0.548688	0.0721877
0.027443	0.606424
0.768391	0.211136
0.0420216	0.596054
0.374579	0.273722
0.340346	0.328077
0.726693	0.0896244
0.130549	0.502014
0.316997	0.608143
0.930985	0.868171
0.576272	0.843072
0.888562	0.830798
0.366605	0.268829
0.365645	0.276554
0.0663946	0.897095
0.15806	0.504772
0.12509	0.504571
0.122942	0.587627
0.778833	0.933828
0.158487	0.119614
0.119514	0.581979
0.884127	0.824747
0.178017	0.168726
0.319129	0.614509
0.856646	0.70514
0.712481	0.380579
0.547273	0.0992731
0.239156	0.884148
0.554846	0.0675801
0.751199	0.198864
0.926059	0.224286
0.445953	0.432014
0.430073	0.43878
0.0585147	0.296548
0.738127	0.173783
0.551829	0.101877
0.36633	0.271928
0.21625	0.0462583
0.0683476	0.922475
0.748881	0.169094
0.725738	0.374204
0.0200175	0.607099
0.921599	0.231488
0.432422	0.412975
0.317585	0.625644
0.340837	0.316789
0.442652	0.421016
0.0404075	0.592199
0.753006	0.918513
0.431381	0.435177
0.942979	0.0507957
0.772823	0.936833
0.441268	0.408728
0.33765	0.32126
0.376488	0.268506
0.0342093	0.581349
0.248387	0.928185
0.371134	0.271849
0.341702	0.316758
0.77915	0.931699
0.242809	0.880324
0.0274367	0.588176
0.770682	0.921343
0.979004	0.502908
0.365961	0.275129
0.556039	0.907713
0.0513381	0.592074
0.346315	0.407214
0.0829553	0.232921
0.366957	0.272749
0.232134	0.0430228
0.364596	0.270167
0.486556	0.0570249
0.18234	0.076474
0.23041	0.884928
0.990336	0.493173
0.428211	0.435922
0.954085	0.0155326
0.70889	0.76201
0.0821437	0.229454
0.882816	0.818823
0.393434	0.730982
0.250545	0.911186
0.279374	0.0627913
0.585293	0.842969
0.437905	0.436032
0.980855	0.500347
0.861123	0.691502
0.59183	0.186376
0.634089	0.25965
0.979934	0.49581
0.573221	0.313097
0.416367	0.708393
0.541404	0.0908484
0.436037	0.411309
0.554192	0.911721
0.754942	0.191884
0.581329	0.84174
0.758551	0.19372
0.0387271	0.592426
0.0538927	0.897775
0.338294	0.310329
0.0617053	0.29275
0.178141	0.19677
0.77219	0.915803
0.374123	0.274913
0.380291	0.61017
0.166136	0.206175
0.191793	0.221062
0.861652	0.693164
0.631116	0.614396
0.19463	0.452086
0.241862	0.915437
0.0454215	0.592724
0.884271	0.825446
0.733217	0.771585
0.378099	0.279253
0.246977	0.926128
0.224788	0.0450347
0.427766	0.408013
0.386895	0.595061
0.432867	0.437526
0.0257032	0.603871
0.239925	0.491744
0.234729	0.892359
0.339673	0.321553
0.312317	0.629529
0.269535	0.481016
0.873373	0.696016
0.700484	0.0902628
0.231299	0.0433564
0.318024	0.326377
0.769198	0.223671
0.767801	0.223378
0.181412	0.168791
0.802934	0.256474
0.305401	0.804374
0.156187	0.505045
0.108314	0.25532
0.448221	0.417782
0.218141	0.0258453
0.381383	0.275301
0.565881	0.843826
0.18509	0.452686
0.0348794	0.588266
0.812911	0.578272
0.116569	0.253834
0.955182	0.0148865
0.32234	0.610924
0.636465	0.255594
0.446866	0.87521
0.851796	0.696227
0.573502	0.83928
0.193835	0.215485
0.218374	0.560687
0.561138	0.843204
0.732215	0.359257
0.704051	0.0862157
0.723435	0.775303
0.0789481	0.295353
0.374074	0.266446
0.701928	0.0833091
0.568016	0.0758259
0.226521	0.887369
0.247154	0.915096
0.708407	0.393231
0.984209	0.49701
0.183849	0.171468
0.117664	0.579835
0.581917	0.839802
0.723822	0.362569
0.568189	0.0695027
0.120441	0.588189
0.0432817	0.282621
0.864454	0.0848607
0.750981	0.927276
0.306381	0.619814
0.434217	0.409135
0.890859	0.848888
0.71001	0.762426
0.582868	0.290701
0.433529	0.446286
0.167025	0.210871
0.447666	0.86436
0.740569	0.873878
0.0675154	0.928828
0.982082	0.501332
0.775908	0.233184
0.775489	0.938239
0.984351	0.205325
0.449046	0.406774
0.36557	0.269299
0.438796	0.455309
0.855125	0.699453
0.152493	0.506819
0.868203	0.106197
0.72691	0.355333
0.374868	0.273632
0.282765	0.066954
0.438644	0.446639
0.774729	0.919521
0.8563	0.69527
0.0634704	0.903489
0.0955117	0.268709
0.169224	0.208031
0.320043	0.808899
0.370316	0.267567
0.76682	0.924223
0.934427	0.222695
0.830336	0.726689
0.75069	0.195799
0.0636517	0.300149
0.715007	0.773997
0.443539	0.415875
0.101459	0.277127
0.315112	0.820567
0.735532	0.171913
0.431937	0.442396
0.108398	0.259657
0.431411	0.407286
0.436628	0.442737
0.339172	0.316825
0.744239	0.199866
0.751858	0.169468
0.699081	0.0871398
0.583569	0.84016
1.00988	0.218852
0.327443	0.612269
0.301159	0.803102
0.113156	0.257783
0.716793	0.391571
0.736499	0.768843
0.773422	0.926363
0.0601703	0.89971
0.621791	0.620818
0.367778	0.27892
0.767442	0.916604
0.883047	0.835234
0.774473	0.918377
0.31935	0.628808
0.595983	0.182789
0.773407	0.215501
0.184659	0.0797372
0.773686	0.211663
0.192118	0.216748
0.320442	0.808052
0.389307	0.729565
0.560588	0.067141
0.183715	0.175621
0.982024	0.591994
0.0216699	0.586991
0.161884	0.203379
0.446098	0.406375
0.377347	0.259428
0.577461	0.846753
0.076019	0.311831
0.749312	0.163969
0.303406	0.818511
0.100762	0.274822
0.723541	0.355519
0.979059	0.595853
0.603563	0.183912
0.388119	0.732107
0.476657	0.063649
0.0379069	0.592462
0.383114	0.611244
0.758464	0.923243
0.218805	0.024083
0.885136	0.838864
0.72293	0.37711
0.0585114	0.896176
0.623566	0.253656
0.627943	0.613536
0.771843	0.914769
0.0964106	0.265275
0.215948	0.0506861
0.598192	0.182351
0.979659	0.503384
0.339823	0.309951
0.115956	0.257772
0.391769	0.731416
0.943416	0.0449021
0.123103	0.591908
0.198056	0.453547
0.0751045	0.293165
0.974507	0.503342
0.981507	0.593903
0.723609	0.359807
0.16293	0.11312
0.831828	0.721719
0.316707	0.626485
0.215418	0.030944
0.375149	0.263578
0.234375	0.0579922
0.479831	0.0619685
0.734484	0.818596
0.171741	0.208737
0.445449	0.889358
0.722534	0.0817393
0.881502	0.844132
0.321214	0.612275
0.396138	0.719707
0.220343	0.0554375
0.731723	0.34796
0.983928	0.495897
0.37739	0.263244
0.0428886	0.597241
0.984563	0.592198
0.243547	0.882648
0.0999598	0.278097
0.335999	0.330438
0.583032	0.841779
0.447277	0.418219
0.727034	0.775858
0.891256	0.834667
0.233779	0.0381168
0.680981	0.4151
0.863032	0.104939
0.975596	0.503653
0.0560621	0.596296
0.885787	0.819761
0.0844489	0.22665
0.388138	0.609284
0.247171	0.923305
0.0996833	0.284175
0.37032	0.265322
0.806863	0.252911
0.726269	0.772386
0.446404	0.891036
0.0348031	0.288287
0.220016	0.0474288
0.0495795	0.296216
0.881511	0.829011
0.703387	0.767619
0.737737	0.170606
0.880641	0.850828
0.584162	0.837789
0.218915	0.560296
0.30971	0.806156
0.777343	0.914535
0.312389	0.8176
0.694156	0.389899
0.189867	0.212694
0.104223	0.271346
0.573011	0.292622
0.845771	0.506996
0.250183	0.924256
0.313633	0.804817
0.701574	0.387108
0.622296	0.613752
0.74533	0.168416
0.556466	0.0769906
0.317328	0.805445
0.129174	0.500796
0.31968	0.6218
0.731016	0.77508
0.217844	0.0447127
0.190101	0.211742
0.941004	0.0387084
0.567544	0.834733
0.322008	0.8035
0.366483	0.264785
0.314595	0.617275
0.72389	0.0877592
0.763009	0.199145
0.337512	0.324694
0.194235	0.455974
0.88115	0.828706
0.318083	0.61908
0.753184	0.926144
0.111932	0.255718
0.725552	0.0908336
0.726843	0.772508
0.160703	0.115018
0.761642	0.932731
0.583068	0.294797
0.400041	0.291724
0.111194	0.254988
0.763516	0.204879
0.735867	0.875248
0.360492	0.400677
0.997336	0.211818
0.317082	0.323144
0.242406	0.92255
0.027707	0.585247
0.22164	0.0304808
0.279285	0.0680448
0.438942	0.418085
0.358961	0.401316
0.0589848	0.299031
0.748514	0.170065
0.18834	0.213324
0.167085	0.207831
0.490352	0.0617937
0.357953	0.402367
0.431015	0.410113
0.579714	0.842033
0.237846	0.894891
0.373139	0.275527
0.188182	0.215436
0.133064	0.505614
0.0710783	0.925287
0.284197	0.058211
0.799109	0.256896
0.4131	0.708028
0.80604	0.249313
0.943569	0.0385731
0.725964	0.770225
0.887001	0.823316
0.71575	0.388872
0.0967017	0.273879
0.314893	0.615895
0.0743463	0.289606
0.37711	0.273481
0.561656	0.066724
0.152383	0.50273
0.935723	0.222456
0.374526	0.274552
0.249994	0.92695
0.204925	0.052731
0.261804	0.307524
0.34761	0.396758
0.7476	0.167133
0.347773	0.120779
0.376729	0.261782
0.0694895	0.841239
0.993508	0.211936
0.360382	0.404864
0.692522	0.397373
0.699001	0.0840545
0.103084	0.273571
0.374703	0.271479
0.361226	0.400538
0.029517	0.582107
0.625459	0.260044
0.704051	0.0820436
0.579268	0.841477
0.342034	0.31271
0.927027	0.22074
0.341959	0.324574
0.703891	0.38872
0.184171	0.171764
0.884295	0.697284
0.755659	0.923141
0.168105	0.201945
0.0656938	0.92802
0.551194	0.0996237
0.192701	0.215571
0.0330748	0.58357
0.228161	0.554597
0.76348	0.930345
0.429458	0.44325
0.410912	0.711703
0.486945	0.31838
0.579081	0.843488
0.067269	0.29902
0.0559855	0.899328
0.567651	0.840438
0.193045	0.232582
0.057976	0.595476
0.704048	0.0862602
0.222164	0.0267734
0.969059	0.585723
0.237447	0.915546
0.889084	0.842934
0.87931	0.846197
0.8627	0.69398
0.799163	0.566489
0.703426	0.767987
0.0562613	0.894952
0.177753	0.45429
0.180277	0.167932
0.77584	0.920068
0.801139	0.483261
0.57275	0.315954
0.119723	0.586575
0.239999	0.0913844
0.16484	0.201408
0.980504	0.506179
0.0293764	0.609249
0.86122	0.694494
0.0848679	0.221576
0.803475	0.250586
0.600351	0.184018
0.55076	0.903482
0.936263	0.2208
0.228756	0.556415
0.107974	0.258436
0.440352	0.420872
0.325067	0.800932
0.54764	0.908303
0.120539	0.260624
0.0604493	0.897042
0.826312	0.722198
0.224045	0.0259466
0.677226	0.416551
0.860218	0.69045
0.744045	0.348453
0.401893	0.29569
0.442451	0.419776
0.382404	0.263641
0.169986	0.207769
0.883313	0.833301
0.766875	0.916295
0.399976	0.3079
0.155223	0.506427
0.0627082	0.900866
0.842337	0.249603
0.763173	0.204096
0.367499	0.272843
0.0732613	0.301939
0.343044	0.396147
0.406895	0.703028
0.630099	0.259984
0.556651	0.0682182
0.930179	0.218403
0.538975	0.0947431
0.163754	0.110905
0.170356	0.164242
0.769756	0.922077
0.712347	0.769479
0.219746	0.04743
0.174493	0.0742098
0.339833	0.330118
0.370276	0.280271
0.29101	0.0708048
0.238852	0.882241
0.586677	0.839779
0.0553028	0.290917
0.226987	0.0491671
0.234845	0.879952
0.58745	0.275757
0.579493	0.838718
0.583038	0.279229
0.561268	0.0716505
0.857548	0.693126
0.994076	0.488293
0.0348828	0.594667
0.233597	0.886255
0.0526428	0.594458
0.313467	0.801422
0.765894	0.921665
0.102485	0.259853
0.214329	0.022973
0.338317	0.313895
0.0665242	0.896368
0.767343	0.931856
0.548551	0.90705
0.879824	0.696036
0.362161	0.268165
0.395811	0.734222
0.957827	0.0136436
0.179021	0.0782661
0.315775	0.802643
0.169257	0.204415
0.377463	0.275099
0.594618	0.184674
0.376601	0.273205
0.19737	0.453
0.735969	0.176312
0.570988	0.312947
0.0365236	0.597438
0.59221	0.19346
0.170411	0.209235
0.548094	0.0733657
0.770961	0.215547
0.323521	0.623636
0.893687	0.847541
0.239956	0.889806
0.156531	0.505618
0.928856	0.865983
0.0657651	0.60306
0.103716	0.257564
0.859187	0.0925293
0.70577	0.766561
0.859012	0.694037
0.56501	0.836343
0.318768	0.612967
0.467035	0.332174
0.727513	0.770561
0.397937	0.29714
0.886596	0.84645
0.0222225	0.586336
0.172982	0.166082
0.429512	0.432969
0.765947	0.202969
0.864651	0.10297
0.3182	0.803318
0.372911	0.270723
0.428094	0.44099
0.757898	0.926114
0.578981	0.277627
0.060603	0.299484
0.571853	0.846735
0.882611	0.83194
0.710615	0.76454
0.630598	0.61319
0.166757	0.204258
0.218795	0.0190596
0.985656	0.49595
0.572669	0.297351
0.182318	0.170962
0.213814	0.0518388
0.730351	0.088913
0.769493	0.917959
0.33899	0.319499
0.0293159	0.595859
0.112031	0.260393
0.0656575	0.901946
0.24826	0.919525
0.56302	0.0772861
0.061636	0.598162
0.73418	0.35032
0.371469	0.273076
0.580225	0.837546
0.227391	0.0570374
0.319384	0.812189
0.228269	0.301738
0.0245602	0.607378
0.232168	0.881692
0.829728	0.725678
0.238749	0.886544
0.385926	0.602515
0.363172	0.267201
0.224708	0.044777
0.15826	0.120758
0.930275	0.2213
0.188714	0.454263
0.437664	0.421611
0.33867	0.313478
0.776104	0.933924
0.559101	0.0802231
0.771196	0.934827
0.43699	0.446662
0.771484	0.935258
0.772968	0.919064
0.227316	0.0478303
0.585387	0.842279
0.338446	0.314861
0.210134	0.0500991
0.02485	0.608598
0.587008	0.843351
0.312275	0.813404
0.0829145	0.296353
0.122315	0.583857
0.744496	0.168974
0.214651	0.547272
0.439028	0.42166
0.118499	0.261235
0.0978332	0.270594
0.609237	0.182794
0.191674	0.0779059
0.797285	0.249658
0.989317	0.493119
0.391344	0.609763
0.749941	0.163778
0.629909	0.259104
0.864143	0.0944232
0.574988	0.326981
0.590162	0.186967
0.396941	0.293097
0.31829	0.615246
0.317965	0.623177
0.0867527	0.222451
0.375663	0.275066
0.230371	0.0324557
0.164814	0.115248
0.362474	0.27006
0.0653942	0.292057
0.694322	0.391121
0.780515	0.937593
0.768276	0.917502
0.1926	0.454238
0.36394	0.278365
0.0603135	0.904473
0.77146	0.215154
0.746665	0.199101
0.112961	0.255385
0.244683	0.922376
0.438943	0.450341
0.877862	0.8244
0.0423666	0.279922
0.190786	0.214599
0.694412	0.0880973
0.219097	0.0344287
0.882481	0.8411
0.399081	0.289396
0.0290603	0.608147
0.319687	0.810259
0.756435	0.926722
0.0280814	0.591229
0.370633	0.264313
0.445794	0.883828
0.177328	0.17028
0.153639	0.503165
0.979811	0.502429
0.346279	0.307811
0.722017	0.0865944
0.563804	0.84031
0.758575	0.929411
0.436348	0.87109
0.740986	0.348177
0.210625	0.321194
0.583948	0.836457
0.559423	0.840042
0.0203913	0.588026
0.0336106	0.593892
0.736535	0.350717
0.371589	0.282106
0.600533	0.187567
0.215748	0.546166
0.342172	0.314003
0.3457	0.116817
0.319147	0.809341
0.153618	0.512926
0.0853456	0.217759
0.870334	0.834494
0.439155	0.440509
0.338841	0.314113
0.876744	0.849785
0.241047	0.917529
0.57638	0.849149
0.558553	0.272137
0.362746	0.404864
0.538535	0.0877729
0.730317	0.355872
0.579174	0.839879
0.809772	0.584164
0.224222	0.0562659
0.697989	0.0840683
0.220447	0.0295481
0.428432	0.423228
0.319093	0.621901
0.589376	0.196798
0.584143	0.844628
0.316894	0.801057
0.867323	0.690979
0.229169	0.0528863
0.564788	0.0753156
0.0289232	0.590144
0.026999	0.592061
0.318083	0.61628
0.180518	0.0791193
0.880508	0.693465
0.0693126	0.507145
0.0788719	0.294832
0.183559	0.169693
0.810108	0.579631
0.0335179	0.594436
0.695839	0.0737764
0.311482	0.628433
0.845348	0.249178
0.58194	0.837835
0.74427	0.168709
0.432591	0.43617
0.435008	0.43996
0.584258	0.83784
0.442385	0.448111
0.590405	0.279367
0.588822	0.193988
0.7742	0.923945
0.777921	0.92989
0.236216	0.876593
0.798775	0.256485
0.192646	0.22427
0.572579	0.841818
0.710617	0.397712
0.0361049	0.595052
0.124338	0.579149
0.161109	0.119226
0.332659	0.314838
0.23694	0.91496
0.774928	0.934031
0.241169	0.910935
0.234509	0.0392421
0.244724	0.491139
0.764971	0.225785
0.771928	0.930049
0.776431	0.935592
0.774285	0.935059
0.341201	0.326145
0.0597514	0.292441
0.880113	0.829377
0.0790328	0.231227
0.939447	0.796444
0.801403	0.253037
0.779543	0.932422
0.0440735	0.286812
0.882742	0.828518
0.878035	0.690208
0.814888	0.576042
0.979507	0.49725
0.186056	0.456383
0.316205	0.616613
0.36949	0.268364
0.318588	0.325507
0.560966	0.84199
0.54752	0.533877
0.884114	0.691003
0.945745	0.0410287
0.88061	0.825485
0.435398	0.410818
0.8243	0.717909
0.264252	0.492251
0.938916	0.040804
0.767639	0.225213
0.154773	0.507495
0.44433	0.411616
0.366958	0.267325
0.736724	0.77041
0.978769	0.59624
0.870737	0.103691
0.621269	0.249238
0.565931	0.315489
0.36507	0.260929
0.680203	0.37953
0.372588	0.262386
0.550882	0.908369
0.627184	0.619225
0.763638	0.207346
0.741147	0.172848
0.21427	0.32379
0.865061	0.107611
0.540912	0.530556
0.237513	0.890081
0.178905	0.448933
0.0379904	0.591902
0.697425	0.0882409
0.221995	0.0430806
0.22482	0.0264514
0.230592	0.0532652
0.589353	0.846484
0.628989	0.257352
0.935845	0.792584
0.6968	0.399988
0.578404	0.275669
0.113232	0.256844
0.676604	0.419277
0.704852	0.762845
0.369659	0.267548
0.382224	0.267519
0.368256	0.2781
0.0683766	0.302377
0.888183	0.821005
0.0733088	0.512637
0.0480856	0.594794
0.178815	0.173496
0.585268	0.843473
0.481671	0.0523129
0.317966	0.803604
0.0306195	0.59087
0.929103	0.863773
0.171356	0.201107
0.317481	0.61664
0.977198	0.860404
0.322504	0.806554
0.880878	0.693897
0.0532333	0.590513
0.0337856	0.59501
0.367077	0.276354
0.0708543	0.902534
0.579771	0.838631
0.587389	0.278228
0.547628	0.0700468
0.604746	0.183724
0.776746	0.931182
0.371418	0.261406
0.031256	0.591512
0.982987	0.594013
0.987798	0.491348
0.882299	0.850219
0.235381	0.88948
0.879225	0.692954
0.625201	0.616842
0.446227	0.40537
0.363934	0.274384
0.393582	0.292075
0.54408	0.0740684
0.100385	0.261412
0.0592997	0.29219
0.579789	0.843713
0.982768	0.603361
0.367484	0.273229
0.443562	0.436117
0.547076	0.90746
0.568879	0.312501
0.323174	0.609509
0.317517	0.610309
0.228848	0.031282
0.169176	0.203223
0.972874	0.604781
0.316933	0.798682
0.319518	0.809256
0.598657	0.181104
0.38467	0.2786
0.773185	0.937452
0.802001	0.568149
0.852103	0.69586
0.0603957	0.30009
0.995334	0.490369
0.0327523	0.59583
0.771003	0.929585
0.191996	0.449447
0.924348	0.861527
0.286131	0.0613911
0.186461	0.212007
0.721055	0.772234
0.978562	0.49397
0.773406	0.923129
0.725759	0.774993
0.0429603	0.597227
0.877558	0.850741
0.054605	0.896754
0.736264	0.774683
0.388311	0.609715
0.447271	0.889333
0.768081	0.212394
0.581183	0.835911
0.572431	0.319464
0.34029	0.320391
0.316132	0.813701
0.318027	0.806718
0.226443	0.551156
0.537772	0.0857955
0.118593	0.59464
0.32122	0.803667
0.832087	0.724821
0.975808	0.608817
0.932692	0.218476
0.115064	0.254082
0.409776	0.704669
0.563305	0.0734059
0.24505	0.923928
0.569309	0.0713663
0.978934	0.501277
0.429293	0.406802
0.881433	0.842134
0.625517	0.616801
0.502961	0.951436
0.181893	0.449617
0.439763	0.416328
0.218112	0.02283
0.958789	0.018739
0.338622	0.312702
0.740434	0.175503
0.605832	0.18296
0.781636	0.938088
0.572437	0.299126
0.119069	0.59325
0.319347	0.804835
0.322188	0.6293
0.234453	0.039078
0.625463	0.614787
0.767904	0.919348
0.587917	0.835315
0.870312	0.699365
0.573939	0.321354
0.94559	0.0432216
0.768351	0.939898
0.50776	0.953007
0.749829	0.160526
0.196275	0.452778
0.699162	0.0862428
0.883498	0.850743
0.943458	0.040953
0.0610434	0.607897
0.726266	0.76417
0.770249	0.239664
0.361097	0.40451
0.226695	0.0320886
0.919039	0.235313
0.446168	0.41656
0.318338	0.805256
0.0401241	0.597561
0.585505	0.277369
0.757849	0.927549
0.569155	0.302539
0.440912	0.439236
0.335258	0.314923
1.01112	0.217482
0.54349	0.529276
0.574633	0.295884
0.768082	0.919034
0.222511	0.548542
0.764737	0.918484
0.776987	0.935417
0.772419	0.213224
0.579303	0.298213
0.773055	0.209504
0.387976	0.603738
0.164152	0.204949
0.77476	0.919067
0.240844	0.885263
0.198795	0.454271
0.361144	0.265675
0.741225	0.779528
0.364392	0.276497
0.216648	0.0508135
0.363204	0.409536
