0.247065	0.322368
0.259789	0.142077
0.327751	0.0641341
0.737806	0.556157
0.570995	0.57633
0.856037	0.956484
0.320953	0.751028
0.775458	0.48738
0.22675	0.195859
0.587885	0.955512
0.855595	0.469681
0.0179989	0.358673
0.622198	0.413992
0.6999	0.896278
0.3718	0.821092
0.248609	0.776098
0.575807	0.578768
0.805196	0.0717852
0.0626459	0.764507
0.418549	0.248111
0.967687	0.0376755
0.488284	0.728078
0.342738	0.751421
0.114185	0.163899
0.347086	0.755583
0.334223	0.752206
0.974931	0.984425
0.773186	0.483893
0.375863	0.823285
0.967379	0.025937
0.487141	0.719159
0.0500545	0.994507
0.580172	0.592032
0.246252	0.778549
0.514541	0.595317
0.0223812	0.0399138
0.60094	0.564108
0.709805	0.752462
0.863589	0.162898
0.588551	0.980664
0.406959	0.154091
0.015852	0.041088
0.736268	0.418731
0.692269	0.896154
0.259142	0.917912
0.004692	0.0356256
0.606026	0.554723
0.807603	0.537247
0.595939	0.961336
0.587318	0.978648
0.474302	0.304359
0.741364	0.427403
0.487212	0.784451
0.19089	0.707301
0.034859	0.605661
0.204864	0.547569
0.507224	0.546778
0.285619	0.904657
0.270411	0.53848
0.329675	0.0688909
0.553668	0.309391
0.62285	0.567435
0.0211529	0.357887
0.588905	0.584421
0.361953	0.821511
0.861146	0.166073
0.60791	0.577142
0.47867	0.301508
0.51532	0.586328
0.267828	0.91974
0.76559	0.482628
0.422974	0.782373
-0.00125709	0.0284721
0.827347	0.294153
0.282006	0.884055
0.846753	0.469138
0.576094	0.572941
0.739339	0.361595
0.595778	0.981621
0.251825	0.325404
0.73522	0.367153
0.77325	0.492039
0.006854	0.0304401
0.818368	0.123059
0.422453	0.2601
0.295423	0.543083
0.499277	0.723608
0.231471	0.185896
0.659479	0.684067
0.859982	0.955108
0.758247	0.477673
0.591191	0.960189
0.858318	0.932258
0.280751	0.909219
0.266455	0.134036
0.859727	0.932204
0.0958064	0.0110041
0.436198	0.759273
0.387716	0.145339
0.320309	0.772599
0.400653	0.254128
0.338097	0.756797
0.491545	0.71652
0.778597	0.48613
0.979762	0.0182357
0.372634	0.823723
0.513562	0.594372
0.693418	0.298872
0.861059	0.950747
0.862502	0.934361
0.229062	0.770544
0.805546	0.0721993
0.127247	0.564938
0.0652013	0.763565
0.276953	0.534032
0.227907	0.189361
0.258644	0.271703
0.259768	0.727989
0.256677	0.319172
0.578817	0.957079
0.609229	0.976993
0.431835	0.759332
0.427741	0.249514
0.971714	0.0220967
0.0456501	0.783052
0.590536	0.956392
0.591191	0.981984
0.975609	0.965932
0.584822	0.594251
0.0402004	0.608613
0.865238	0.952998
0.247229	0.777508
0.604942	0.588062
0.0602786	0.772223
0.860208	0.934299
0.802563	0.0695285
0.975126	0.969779
0.398741	1.01305
0.0133275	0.0313537
0.499122	0.764779
0.329893	0.070023
0.862016	0.814005
0.269965	0.723205
0.727082	0.559241
0.038274	0.432289
0.406598	0.243504
0.967242	0.0132737
0.270808	0.738291
0.833304	0.281431
0.480311	0.755074
0.0445543	0.678367
0.275545	0.908148
0.736331	0.360017
0.862754	0.158546
0.284846	0.90213
0.814328	0.127281
0.716798	0.0408816
0.963718	0.39368
0.577153	0.944521
0.286451	0.123637
0.590729	0.576692
0.255742	0.908623
0.112734	0.632015
0.29617	0.734987
0.180475	0.840577
0.275833	0.540679
0.780794	0.468285
0.270499	0.733165
0.742194	0.562665
0.00598446	0.0195322
0.286347	0.887424
0.0201931	0.358341
0.498007	0.712113
0.419939	0.254909
0.603626	0.980506
0.00818951	0.033787
0.871885	0.939402
0.818913	0.123323
0.523208	0.827084
0.59015	0.955449
0.490485	0.721234
0.162923	0.950439
0.599156	0.973659
0.463721	0.278216
0.296825	0.540498
0.343275	0.0650381
0.806303	0.530328
0.964971	0.0273902
0.754097	0.412059
0.729318	0.368263
0.10424	0.936255
0.0161064	0.037949
0.278987	0.533264
0.25926	0.901194
0.728897	0.563897
0.87181	0.942444
0.289557	0.442639
0.594191	0.974013
0.117287	0.629541
0.4625	0.27491
0.180248	0.840533
0.496269	0.76264
0.9599	0.0227092
0.968929	0.016603
0.00869221	0.0342565
0.594684	0.97272
0.590003	0.981555
0.862007	0.959125
0.775168	0.484445
0.251328	0.32618
0.406216	1.00417
0.691877	0.892457
0.33956	0.761622
0.132364	0.564912
0.501791	0.714768
0.861719	0.938135
0.0082875	0.0348826
0.428108	0.778395
0.963677	0.0185978
0.578253	0.572989
0.419761	0.787822
0.494479	0.763858
0.597138	0.563188
0.419925	0.777645
0.527305	0.823033
0.0618683	0.767706
0.626117	0.436327
0.823555	1.00706
0.0310006	0.606611
0.407917	0.492927
0.729477	0.557707
0.594232	0.976038
0.856353	0.934209
0.807951	0.0766431
0.514588	0.973702
0.340768	0.0655171
0.856771	0.960039
0.728746	0.36612
0.984758	0.169576
0.81055	0.121695
0.291367	0.444621
0.742848	0.559044
0.74618	0.797755
0.590317	0.578576
0.410103	0.241977
0.604175	0.568786
0.412186	0.764798
0.0455113	0.610551
0.580174	0.952347
0.288918	0.12402
0.512398	0.972653
0.214759	0.543823
0.629466	0.410049
0.740613	0.430548
0.615057	0.575668
0.402086	0.485535
0.42208	0.774542
0.487954	0.725931
0.26583	0.924826
0.849273	0.165426
0.595032	0.947155
0.268499	0.927951
0.0998518	0.0124581
0.607991	0.581941
0.408051	0.783087
0.371554	0.841151
0.0636029	0.775879
0.596979	0.961945
0.494011	0.706017
0.815238	0.0770814
0.97423	0.966756
0.738921	0.556415
0.49162	0.716854
0.86259	0.166136
0.280149	0.905815
0.289686	0.880608
0.69917	0.897857
0.512719	0.594397
0.411548	0.257329
0.428057	0.981332
0.601977	0.577264
0.866062	0.961331
0.0136414	0.0255608
0.59533	0.5704
0.27992	0.729603
0.0607739	0.767585
0.208968	0.546338
0.250273	0.324872
0.62364	0.442536
0.272392	0.734356
0.87094	0.939047
0.340187	0.759634
0.124958	0.637747
0.374853	0.824773
0.272582	0.539252
0.235864	0.196837
0.732717	0.364729
0.584838	0.589291
0.378257	0.829678
0.601987	0.571268
0.49598	0.727163
0.125005	0.171487
0.854082	0.166778
0.866335	0.161329
0.516315	0.590076
0.267705	0.926375
0.502179	0.738466
0.426128	0.774708
0.861251	0.817727
0.487447	0.759587
0.275778	0.133264
0.608246	0.58484
0.190231	0.698096
0.512212	0.582633
0.284765	0.897738
0.367566	0.82812
0.265707	0.912855
0.400035	0.493767
0.958955	0.0272253
0.736605	0.55143
0.197463	0.281185
0.577318	0.580772
0.508178	0.547448
0.0677317	0.777677
0.297736	0.539734
0.849465	0.4678
0.251235	0.772438
0.857716	0.951244
0.806826	0.5214
0.701755	0.0404191
0.417506	0.251726
0.247025	0.765798
0.857813	0.931438
0.312491	0.753323
0.40781	0.779917
0.439002	0.769417
0.284097	0.122925
0.0409297	0.609887
0.387212	0.529009
0.0559855	0.984834
0.261535	0.91496
0.861156	0.938316
0.856998	0.164547
0.210376	0.546825
0.604018	0.566677
0.584121	0.579799
0.391165	1.00732
0.736439	0.366154
0.509513	0.548458
0.57544	0.581105
0.48468	0.717266
0.418336	0.977525
0.415692	0.254831
0.275939	0.535695
0.591734	0.959177
0.767507	0.488495
0.209018	0.550032
0.588714	0.9519
0.507769	0.751149
0.382205	0.831777
0.0377384	0.605074
0.588148	0.98016
0.961949	0.0186544
0.857529	0.94016
0.408625	0.759452
0.372819	0.823373
0.86188	0.815339
0.334733	0.761211
0.594057	0.964082
0.823558	0.286348
0.110372	0.934884
0.466787	0.277863
0.0138811	0.0349375
0.401617	1.00287
0.828259	0.285323
0.585467	0.988207
0.979005	0.0133442
0.272181	0.892217
0.865737	0.936476
0.398424	0.258299
0.278052	0.537849
0.241006	0.773422
0.245523	0.766198
0.656433	0.688411
0.472788	0.298362
0.433548	0.762091
0.586406	0.853279
0.472355	0.295261
0.856696	0.795632
0.254307	0.328383
0.484651	0.726547
0.431021	0.757424
0.0184136	0.0356429
0.175765	0.843065
0.510468	0.589323
0.48132	0.716568
0.583284	0.589837
0.345461	0.066128
0.244663	0.774847
0.0678577	0.772198
0.601262	0.55924
0.214859	0.749091
0.804507	0.0751828
0.391648	0.243493
0.58501	0.593174
0.282072	0.125861
0.968625	0.0308124
0.12968	0.562783
0.0407391	0.605749
0.434939	0.984519
0.618363	0.404275
0.584581	0.978519
0.294898	0.536893
0.937681	0.391173
0.421689	0.984015
0.340018	0.748423
0.410995	0.253207
0.772004	0.486188
0.860284	0.933986
0.388255	0.828289
0.242851	0.319755
0.827822	0.286567
0.382527	0.822474
0.1284	0.566737
0.261157	0.921773
0.48854	0.721177
0.053667	0.989918
0.744403	0.799712
0.528686	0.590748
0.515857	0.587193
0.474118	0.298478
0.0487422	0.610824
0.611728	0.976681
0.777748	0.4744
0.136787	0.980469
0.431251	0.78266
0.584693	0.861716
0.138216	0.977441
0.866463	0.9416
0.790177	0.492631
0.589419	0.984447
0.234683	0.774025
0.786999	0.501561
0.576001	0.565422
0.268082	0.906987
0.577479	0.867588
0.489601	0.708491
0.603535	0.553345
0.468829	0.297621
0.596079	0.975379
0.73404	0.367686
0.402799	0.156104
0.605954	0.583293
0.0129351	0.0323747
0.463059	0.279377
0.177579	0.837321
0.423887	0.770749
0.245756	0.773704
0.287472	0.447636
0.248137	0.773804
0.807025	0.0763107
0.796468	0.495137
0.295289	0.544091
0.611915	0.980566
0.806806	0.119174
0.592919	0.966321
0.421679	0.787915
0.812079	0.116247
0.0624581	0.768474
0.599858	0.5687
0.371052	0.819433
0.60299	0.586329
0.975405	0.0154245
0.57451	0.575593
0.320452	0.767424
0.868373	0.939562
0.348632	0.745403
0.854251	0.933394
0.688655	0.30301
0.29371	0.54193
0.0552436	0.987123
0.412428	0.489053
0.228354	0.191468
0.254332	0.319053
0.518104	0.59081
0.172882	0.690107
0.184661	0.839359
0.576333	0.583321
0.971281	0.0348088
0.80242	0.122842
0.584764	0.951817
0.122152	0.632321
0.476866	0.293722
0.501764	0.745334
0.60426	0.555656
0.225803	0.186434
0.228582	0.192061
0.0165598	0.036462
0.391492	0.246094
0.519338	0.824231
0.133637	0.978683
0.370923	0.817002
0.786289	0.497342
0.585792	0.862249
0.578413	0.970486
0.791327	0.659525
0.484565	0.760024
0.850921	0.471419
0.591089	0.956588
0.291247	0.133828
0.939825	0.373635
0.0440692	0.680405
0.0945171	0.943202
0.335906	0.75198
0.268032	0.142015
0.972612	0.390845
0.859243	0.818942
0.581337	0.96618
0.0111371	0.349936
0.133281	0.560143
0.862882	0.816804
0.385101	0.825294
0.830784	0.279098
0.388235	0.831741
0.626468	0.430486
0.128456	0.570824
0.0529059	0.985203
0.294934	0.880713
0.757369	0.408537
0.628504	0.433383
0.964507	0.389305
0.696364	0.897902
0.578729	0.57346
0.182112	0.842423
0.0170693	0.363412
0.478876	0.370373
0.105035	0.0104957
0.373496	0.820539
0.320824	0.771636
0.594833	0.980285
0.405126	0.488111
0.590603	0.574361
0.731576	0.365854
0.624868	0.441703
0.594339	0.56983
0.521241	0.589385
0.0520921	0.991211
0.490561	0.712289
0.589613	0.574351
0.325484	0.756916
0.789201	0.659885
0.955699	0.396908
0.591919	0.96031
0.866955	0.941976
0.868555	0.943958
0.39124	0.249212
0.284669	0.73295
0.442512	0.767823
0.282744	0.896893
0.512403	0.724522
0.85463	0.798442
0.51763	0.59574
0.0404848	0.599933
0.0596025	0.765312
0.553905	0.307588
0.867632	0.944571
0.00816405	0.02672
0.388073	0.244921
0.523532	0.819029
0.467257	0.294159
0.58931	0.580714
0.601256	0.984234
0.104385	0.943526
0.252891	0.321728
0.0281037	0.602653
0.619134	0.401448
0.984667	0.174497
0.96391	0.0232691
0.0334446	0.610863
0.987312	0.17006
0.60749	0.583726
0.253481	0.267816
0.600402	0.567838
0.820253	0.284527
0.294753	0.880604
0.241969	0.783069
0.859628	0.155377
0.86057	0.940709
0.401238	0.257975
0.486951	0.72987
0.327378	0.508481
0.164814	0.948081
0.862193	0.93395
0.689139	0.299943
0.0479403	0.430875
0.869692	0.944094
0.627629	0.437331
0.786283	0.4951
0.290102	0.542525
0.583266	0.978654
0.739506	0.425759
0.863394	0.937469
0.132887	0.979637
0.736615	0.434265
0.57753	0.949244
0.572226	0.571795
0.592533	0.954251
0.611634	0.578369
0.315555	0.767841
0.46117	0.290641
0.344409	0.0619227
0.368745	0.826982
0.817258	0.076511
0.276924	0.910731
0.799167	0.458254
0.857196	0.925536
0.574439	0.956484
0.00800766	0.0403471
0.421866	0.767576
0.330643	0.50702
0.862643	0.952094
0.399737	1.00003
0.982808	0.174034
0.974461	0.389719
0.390663	0.248287
0.277551	0.895606
0.331836	0.754413
0.269636	0.733032
0.860048	0.927488
0.387555	0.526637
0.861605	0.167856
0.757056	0.412989
0.227032	0.759129
0.292801	0.12986
0.097483	0.946684
0.965957	0.0201562
0.494959	0.719673
0.495091	0.719526
0.577208	0.579843
0.856449	0.155328
0.60289	0.569697
0.936415	0.392384
0.0133798	0.355557
0.371692	0.820135
0.981222	0.0224064
0.59363	0.958725
0.602672	0.572813
0.213927	0.745371
0.406196	0.243746
0.575203	0.575631
0.693984	0.29309
0.849506	0.470001
0.857293	0.935997
0.626094	0.413574
0.575385	0.571594
0.270943	0.733377
0.776707	0.470156
0.0238561	0.360421
0.589905	0.976827
0.426253	0.978406
0.847668	0.950485
0.290616	0.446567
0.285237	0.898724
0.0935355	0.941761
0.274816	0.729496
0.135769	0.981622
0.954974	0.024758
0.336686	0.0653115
0.268335	0.741631
0.488084	0.719824
0.188771	0.693551
0.955996	0.395296
0.180602	0.840131
0.977395	0.0176154
0.465491	0.277298
0.0958711	0.938658
0.505995	0.551281
0.527579	0.590991
0.394617	0.24497
0.93413	0.437954
0.596461	0.970025
0.059901	0.771844
0.373224	0.81968
0.0364636	0.61561
0.120368	0.171393
0.343864	0.757744
0.587668	0.988097
0.81545	0.113565
0.172994	0.848843
0.613366	0.97261
0.475131	0.302635
0.578297	0.959397
0.185264	0.842487
0.594185	0.973093
0.297203	0.132488
0.819817	0.0766633
0.205285	0.549008
0.511871	0.549205
0.0391142	0.607066
0.579055	0.865555
0.511107	0.591108
0.43946	0.764407
0.804492	0.53767
0.818171	0.993666
0.778967	0.482522
0.390016	0.830561
0.350324	0.76048
0.4825	0.722414
0.299877	0.731264
0.605441	0.969214
0.278573	0.72628
0.865351	0.949374
0.593449	0.979268
0.0130224	0.0314113
0.591502	0.576689
0.492213	0.779745
0.487243	0.728037
0.969728	0.966114
0.84821	0.466218
0.966002	0.0177998
0.387837	0.244452
0.725632	0.36714
0.506482	0.747381
0.470818	0.298254
0.62202	0.439955
0.78929	0.500913
0.857976	0.167687
0.271184	0.918285
0.830324	0.994251
0.247862	0.776631
0.623043	0.443166
0.377805	0.822766
0.483876	0.723669
0.154945	0.980839
0.961202	0.0312407
0.417367	0.754751
0.580442	0.858341
0.294303	0.544435
0.343263	0.749977
0.576147	0.954461
0.744763	0.566734
0.505378	0.73384
0.198693	0.27536
0.0414513	0.609202
0.574383	0.581878
0.868017	0.932047
0.337584	0.747847
0.271247	0.537465
0.960634	0.398315
0.782644	0.483991
0.0484189	0.429364
0.863913	0.934943
0.507864	0.752038
0.279856	0.132022
0.403148	1.00262
0.344001	0.757943
0.418376	0.781855
0.386614	0.830237
0.523702	0.594704
0.0138275	0.360883
0.490434	0.707292
0.417851	0.250768
0.764538	0.479445
0.259014	0.904
0.251628	0.31957
0.785216	0.501546
0.254997	0.774793
0.391227	0.822313
0.131857	0.561329
0.121445	0.627023
0.765002	0.485988
0.599898	0.568252
0.178804	0.838992
0.7926	0.508561
0.579091	0.953258
0.340793	0.750867
0.791068	0.654663
0.270229	0.734088
0.769196	0.485064
0.593991	0.979836
0.585281	0.579213
0.294479	0.538166
0.797548	0.658671
0.594692	0.959506
0.96905	0.0245934
0.0129654	0.0306116
0.256335	0.324274
0.408726	0.781782
0.962542	0.0257416
0.246387	0.32472
0.511105	0.751973
0.210272	0.548194
0.418698	0.259326
0.247438	0.768691
0.625625	0.442975
0.818654	0.0782523
0.588939	0.572919
0.491714	0.724264
0.495952	0.708483
0.489869	0.728477
0.733608	0.362665
0.398882	0.246197
0.241296	0.780045
0.281016	0.901212
0.337211	0.0732619
0.859231	0.941095
0.495529	0.761875
0.860338	0.795781
0.385253	0.527057
0.806399	0.523434
0.605445	0.583425
0.480848	0.714913
0.328762	0.510726
0.288127	0.123922
0.268138	0.130642
0.587181	0.958407
0.131059	0.563545
0.49192	0.776642
0.594441	0.959746
0.595421	0.575812
0.589448	0.963866
0.218228	0.196375
0.177168	0.691803
0.297391	0.132251
0.400121	1.00926
0.363866	0.825716
0.749177	0.787643
0.829507	0.283815
0.135691	0.98114
0.12103	0.639213
0.967269	0.0170116
0.131008	0.561629
0.190404	0.700736
0.8103	0.114195
0.828881	0.282103
0.550438	0.309776
0.185953	0.846956
0.708862	0.748447
0.0399052	0.436276
0.178783	0.696794
0.594223	0.979183
0.240669	0.781759
0.448033	0.291132
0.852075	0.46758
0.795286	0.655592
0.593034	0.968536
0.423729	0.240144
0.579285	0.863303
0.763117	0.488092
0.792557	0.500814
0.101665	0.00915242
0.78922	0.501986
0.759674	0.482197
0.213622	0.746786
0.588101	0.983877
0.385188	0.828891
0.422215	0.785289
0.265984	0.922533
0.344888	0.746434
0.80557	0.116871
0.740374	0.417866
0.829569	0.294864
0.34135	0.75087
0.619235	0.572316
0.860399	0.93593
0.291749	0.885061
0.557189	0.308458
0.461276	0.269951
0.854045	0.469423
0.493893	0.763126
0.186613	0.838786
0.0132676	0.0410772
0.0642728	0.774689
0.323521	0.766709
0.326582	0.515135
0.240855	0.772792
0.967674	0.0219351
0.596592	0.959519
0.117335	0.634642
0.819934	0.0808826
0.0132046	0.0422147
0.273096	0.891236
0.59925	0.568064
0.27633	0.896514
0.794903	0.453781
0.190551	0.703415
0.69677	0.893441
0.448167	0.286496
0.866086	0.935756
0.377371	0.82533
0.873672	0.4625
0.296644	0.542917
0.340997	0.0694551
0.257996	0.901024
0.0420457	0.435829
0.295964	0.541048
0.253941	0.32643
0.288384	0.120496
0.0100173	0.0390515
0.696294	0.895426
0.749216	0.407193
0.41994	0.255241
0.584357	0.952077
0.969216	0.975257
0.121428	0.636702
0.247447	0.320545
0.858939	0.93201
0.176181	0.685635
0.124044	0.63374
0.295613	0.44091
0.738678	0.418501
0.416722	0.757868
0.051771	0.779207
0.85727	0.151068
0.394318	0.253431
0.25745	0.272238
0.0199979	0.366468
0.0581972	0.781415
0.619876	0.442336
0.422832	0.244245
0.431784	0.760683
0.333374	0.0669469
0.48518	0.755322
0.858964	0.815346
0.209742	0.74455
0.283911	0.875184
0.426305	0.775593
-0.00115546	0.0270465
0.486179	0.71964
0.0127514	0.0388972
0.591576	0.978913
0.978121	0.0235936
0.0066707	0.350036
0.277814	0.719956
0.217215	0.749307
0.100097	0.939766
0.219525	0.746824
0.607589	0.581906
0.851997	0.954038
0.731663	0.359968
0.38966	0.825452
0.136172	0.981907
0.856375	0.928693
0.707477	0.750855
0.284816	0.443183
0.581998	0.861078
0.581407	0.593848
0.386363	0.248959
0.251494	0.318393
0.179144	0.839408
0.0153775	0.359141
0.408263	0.492188
0.958879	0.0163577
0.779491	0.481546
0.695854	0.899123
0.600057	0.568425
0.255413	0.326566
0.00785052	0.0397148
0.011812	0.346187
0.623112	0.438036
0.819666	0.0776076
0.586965	0.951843
0.721796	0.0404918
0.706683	0.754134
0.731664	0.369412
0.0412799	0.787349
0.815134	0.116458
0.287812	0.127302
0.395395	0.486613
0.818745	0.123044
0.273585	0.72156
0.316168	0.771984
0.820378	0.995439
0.579201	0.580769
0.422966	0.981877
0.0400579	0.601968
0.58857	0.96324
0.264351	0.920607
0.858694	0.160601
0.938203	0.389227
0.593452	0.972754
0.0136636	0.0392465
0.700437	0.0372612
0.592492	0.95527
0.580599	0.586625
0.857316	0.162925
0.848574	0.469408
0.0372139	0.611995
0.116016	0.168381
0.727101	0.554712
0.0104337	0.351224
0.136213	0.981373
0.294394	0.540739
0.930548	0.437567
0.348257	0.0599056
0.591819	0.959385
0.274743	0.725753
0.958828	0.0205147
0.0672453	0.766631
0.861346	0.951176
